jet_stream_data.json
{"header": { "discipline":0, "disciplineName":"Meteorological products", "gribEdition":2, "gribLength":59251, "center":7, "centerName":"US National Weather Service - NCEP(WMC)", "subcenter":0, "refTime":"2021-11-29T00:00:00.000Z", "significanceOfRT":0, "significanceOfRTName":"Analysis", "productStatus":0, "productStatusName":"Operational products", "productType":0, "productTypeName":"Analysis products", "productDefinitionTemplate":0, "productDefinitionTemplateName":"Analysis/forecast at horizontal level/layer at a point in time", "parameterCategory":2, "parameterCategoryName":"Momentum", "parameterNumber":3, "parameterNumberName":"V-component_of_wind", "parameterUnit":"m.s-1", "genProcessType":0, "genProcessTypeName":"Analysis", "forecastTime":0, "surface1Type":7, "surface1TypeName":"Tropopause", "surface1Value":0.0, "surface2Type":255, "surface2TypeName":"Missing", "surface2Value":0.0, "gridDefinitionTemplate":0, "gridDefinitionTemplateName":"Latitude_Longitude", "numberPoints":65160, "shape":6, "shapeName":"Earth spherical with radius of 6,371,229.0 m", "gridUnits":"degrees", "resolution":48, "winds":"true", "scanMode":0, "nx":360, "ny":181, "basicAngle":0, "lo1":0.0, "la1":90.0, "lo2":359.0, "la2":-90.0, "dx":1.0, "dy":1.0 }, "data":
[rows 26 to 51 of 181, columns 116 to 173 of 360]
-11.863306,-9.263306,-8.063306,-8.263306,-6.2633057,-6.063306,-6.8633056,-7.063306,-8.363306,-7.9633055,-8.463305,-8.463305,-6.563306,-5.9633055,-4.2633057,-4.063306,-4.8633056,-5.563306,-3.6633058,-1.9633057,-0.66330564,1.6366943,2.3366942,2.7366943,4.0366945,5.3366942,5.8366942,5.5366945,6.3366942,6.2366943,7.1366944,9.136694,11.236694,13.036695,12.936694,14.636694,16.536694,18.736694,18.836695,20.536694,21.236694,19.636694,19.636694,17.336695,15.536695,14.836695,14.236694,10.436694,10.336695,10.636694,8.036695,5.3366942,1.1366943,2.0366943,0.9366943,-0.16330567,-1.2633057,-2.8633056
-12.063306,-10.863306,-9.763306,-9.363306,-8.163305,-5.6633058,-5.3633056,-5.8633056,-5.4633055,-5.563306,-7.063306,-8.963305,-9.063306,-7.7633057,-7.1633058,-6.7633057,-6.7633057,-6.2633057,-5.9633055,-4.7633057,-2.3633056,-0.26330566,0.036694337,0.9366943,0.036694337,0.9366943,2.1366944,2.3366942,2.7366943,3.9366944,5.5366945,7.7366943,9.036695,10.936694,12.536695,13.936694,14.436694,14.136694,16.336695,17.836695,18.536694,19.136694,19.936695,16.436695,16.736694,14.436694,10.436694,5.3366942,8.336695,7.936694,5.8366942,3.9366944,1.9366944,-0.06330566,3.7366943,2.2366943,0.23669434,-2.3633056
-12.263306,-12.063306,-10.663305,-7.7633057,-8.363306,-6.6633058,-6.2633057,-6.2633057,-4.2633057,-3.8633056,-4.563306,-5.2633057,-4.9633055,-6.1633058,-8.863306,-10.463305,-9.863306,-7.7633057,-6.4633055,-5.7633057,-4.4633055,-2.9633057,-1.2633057,-1.4633057,-0.46330565,-2.1633058,-1.7633057,-1.0633056,-0.66330564,0.6366943,4.1366944,7.7366943,9.536695,10.036695,10.536695,10.236694,12.936694,15.636694,18.136694,17.236694,19.036694,19.236694,18.436695,18.236694,17.736694,13.936694,14.036695,11.636694,6.7366943,7.7366943,3.8366942,3.4366944,2.7366943,3.9366944,3.0366943,3.6366944,1.4366944,-1.1633056
-10.563306,-11.663305,-11.263306,-10.963305,-10.763306,-8.463305,-7.2633057,-6.063306,-5.563306,-5.563306,-5.563306,-3.2633057,-2.3633056,-3.5633056,-5.4633055,-5.8633056,-7.063306,-7.6633058,-6.2633057,-6.4633055,-5.3633056,-5.9633055,-3.4633057,-2.9633057,-4.2633057,-3.0633056,-4.3633056,-4.4633055,-2.4633057,0.33669433,2.4366944,6.7366943,7.2366943,6.8366942,7.5366945,9.236694,13.336695,14.636694,16.636694,15.536695,15.236694,16.836695,18.936695,21.936695,23.036694,17.836695,14.636694,12.336695,10.136694,6.7366943,3.3366942,3.3366942,0.43669432,0.73669434,-1.4633057,-0.8633057,0.23669434,-1.8633057
-8.763306,-9.663305,-10.463305,-10.363306,-9.863306,-9.363306,-8.863306,-8.363306,-7.6633058,-7.2633057,-6.8633056,-7.2633057,-4.563306,-6.063306,-6.4633055,-6.8633056,-5.7633057,-5.563306,-6.063306,-6.7633057,-6.2633057,-5.563306,-7.1633058,-8.063306,-6.4633055,-4.2633057,-1.2633057,-3.3633056,-4.3633056,-2.2633057,1.4366944,5.7366943,8.636694,8.536695,8.136694,5.0366945,6.436694,7.8366942,9.136694,10.636694,12.736694,13.136694,13.836695,17.236694,18.336695,19.236694,17.536694,14.436694,10.436694,10.936694,7.3366942,3.6366944,-0.26330566,-2.8633056,-3.1633058,-2.7633057,-3.0633056,-3.1633058
-5.8633056,-5.6633058,-5.8633056,-5.6633058,-5.563306,-6.9633055,-7.063306,-8.463305,-9.863306,-10.163305,-9.963305,-10.163305,-10.163305,-7.6633058,-7.4633055,-7.6633058,-6.7633057,-6.7633057,-6.8633056,-5.4633055,-5.063306,-5.9633055,-3.2633057,-1.8633057,-2.9633057,-3.2633057,-6.3633056,-3.7633057,-2.5633056,-1.4633057,4.0366945,5.436694,6.6366944,6.6366944,5.3366942,4.7366943,5.3366942,6.8366942,8.236694,9.236694,9.736694,10.236694,10.336695,11.336695,11.536695,12.136694,11.036695,12.436694,14.436694,11.436694,9.736694,8.136694,3.1366944,-1.2633057,-4.8633056,-5.6633058,-5.6633058,-5.9633055
-3.6633058,-2.0633056,-2.4633057,-1.4633057,-1.7633057,-3.2633057,-4.9633055,-6.3633056,-8.263306,-9.363306,-11.063306,-11.363306,-10.963305,-11.163305,-11.763306,-8.563306,-7.3633056,-5.563306,-4.4633055,-3.7633057,-3.2633057,-3.7633057,-1.1633056,-1.3633057,-2.9633057,8.036695,3.4366944,2.6366944,3.4366944,3.2366943,3.6366944,3.7366943,3.8366942,4.3366942,3.7366943,4.3366942,5.1366944,6.6366944,6.8366942,6.1366944,5.936694,6.6366944,6.8366942,6.5366945,5.3366942,5.1366944,7.3366942,7.6366944,7.0366945,9.336695,10.136694,10.036695,6.8366942,1.4366944,-3.5633056,-7.8633056,-6.3633056,-6.1633058
-0.16330567,0.43669432,0.73669434,0.23669434,2.3366942,0.9366943,-0.76330566,-2.6633058,-4.7633057,-6.2633057,-8.563306,-11.163305,-12.763306,-12.263306,-12.463305,-9.563306,-6.8633056,-6.1633058,-4.4633055,-2.6633058,-0.8633057,0.83669436,0.036694337,5.8366942,5.1366944,3.2366943,4.0366945,5.6366944,5.7366943,5.436694,5.8366942,6.7366943,6.5366945,6.1366944,5.5366945,5.5366945,5.0366945,4.5366945,4.436694,4.3366942,3.8366942,3.2366943,2.4366944,1.6366943,1.5366943,1.6366943,1.8366944,1.0366943,1.5366943,1.9366944,4.8366942,9.436694,7.2366943,2.1366944,-0.66330564,-2.9633057,-6.063306,-6.7633057
0.6366943,1.4366944,3.5366943,4.5366945,4.6366944,3.3366942,0.83669436,-1.5633056,-3.2633057,-5.7633057,-8.263306,-10.163305,-12.063306,-12.463305,-11.763306,-9.563306,-6.8633056,-6.2633057,-3.1633058,-0.06330566,0.83669436,5.6366944,4.6366944,5.7366943,5.936694,6.8366942,7.1366944,7.3366942,8.636694,9.036695,8.536695,7.2366943,7.2366943,5.7366943,4.8366942,3.9366944,3.3366942,2.4366944,0.73669434,0.13669434,-0.26330566,-0.66330564,-1.1633056,-1.2633057,-1.2633057,-1.4633057,-2.8633056,-4.1633058,-5.9633055,-5.3633056,-2.2633057,3.4366944,5.3366942,2.5366943,-2.1633058,-5.1633058,-6.8633056,0.13669434
0.13669434,3.3366942,5.3366942,5.3366942,5.0366945,4.0366945,2.1366944,-0.16330567,-2.9633057,-5.8633056,-8.563306,-10.263306,-12.063306,-12.963305,-11.663305,-10.263306,-7.8633056,-4.4633055,-1.6633056,2.1366944,6.2366943,7.0366945,8.136694,10.536695,11.636694,12.036695,12.136694,12.536695,12.636694,9.836695,8.036695,7.436694,6.5366945,5.1366944,4.5366945,2.6366944,1.2366943,-0.26330566,-3.1633058,-6.563306,-7.8633056,-9.563306,-6.8633056,-6.9633055,-5.3633056,-4.9633055,-5.9633055,-8.663305,-9.763306,-10.163305,-6.6633058,-1.9633057,2.3366942,0.036694337,-1.0633056,-5.563306,-2.0633056,-3.0633056
2.2366943,5.1366944,6.7366943,6.7366943,5.8366942,4.6366944,3.3366942,-0.46330565,-2.6633058,-5.6633058,-7.8633056,-10.563306,-12.063306,-12.363306,-13.063306,-10.363306,-6.1633058,-3.5633056,1.3366944,5.2366943,7.436694,11.036695,14.036695,15.136694,16.836695,18.436695,15.836695,15.036695,12.336695,9.836695,7.6366944,7.0366945,6.8366942,5.2366943,3.0366943,4.2366943,1.9366944,-0.96330565,-2.7633057,-5.1633058,-7.6633058,-9.563306,-13.163305,-15.563306,-12.663305,-7.7633057,-7.563306,-10.163305,-11.563306,-12.663305,-8.563306,-3.9633057,-1.4633057,-1.7633057,-3.8633056,-2.6633058,-5.7633057,-4.8633056
7.936694,8.936694,9.536695,10.136694,7.936694,4.7366943,1.1366943,-1.7633057,-4.7633057,-7.4633055,-8.663305,-9.763306,-11.263306,-12.263306,-10.763306,-11.463305,-6.4633055,-1.9633057,2.0366943,7.0366945,10.936694,15.236694,18.036694,18.336695,19.436695,18.536694,16.836695,13.836695,11.336695,11.536695,9.036695,7.2366943,6.2366943,4.6366944,3.5366943,1.9366944,-0.06330566,-2.4633057,-4.8633056,-6.563306,-7.8633056,-8.763306,-12.463305,-15.763306,-18.563305,-13.563306,-11.863306,-12.363306,-12.963305,-12.863306,-13.263306,-6.2633057,-4.4633055,-3.2633057,-8.363306,-6.7633057,-5.8633056,-8.263306
12.736694,13.136694,11.836695,8.936694,6.0366945,2.6366944,-0.16330567,-3.5633056,-6.1633058,-7.8633056,-9.763306,-10.263306,-10.563306,-11.263306,-11.463305,-9.263306,-5.7633057,-0.46330565,4.1366944,8.736694,16.636694,19.636694,18.236694,18.636694,20.736694,16.236694,16.236694,14.436694,11.636694,9.436694,5.8366942,4.5366945,4.2366943,3.5366943,3.0366943,1.3366944,-1.5633056,-4.1633058,-6.6633058,-9.363306,-11.763306,-13.463305,-13.563306,-17.063305,-20.163305,-20.563305,-15.063306,-15.363306,-15.563306,-16.563305,-16.663305,-8.463305,-6.7633057,-6.563306,-9.263306,-8.663305,-10.763306,-12.563306
13.636694,10.736694,8.936694,6.936694,5.1366944,2.4366944,-0.66330564,-2.8633056,-5.9633055,-6.6633058,-8.663305,-10.263306,-10.763306,-11.463305,-11.063306,-10.263306,-3.2633057,0.33669433,7.5366945,15.736694,19.836695,18.936695,20.536694,20.936695,19.236694,18.036694,13.636694,10.036695,8.636694,6.7366943,7.6366944,7.936694,6.936694,5.936694,2.4366944,-0.66330564,-2.3633056,-4.1633058,-6.6633058,-9.963305,-13.063306,-15.963305,-16.863306,-17.763306,-20.163305,-22.063305,-20.063305,-18.463306,-19.463306,-20.863306,-17.963306,-9.963305,-8.563306,-8.963305,-8.963305,-10.663305,-14.763306,-14.463305
10.736694,9.936694,8.736694,7.436694,4.7366943,2.7366943,1.0366943,-0.46330565,-2.8633056,-5.1633058,-7.4633055,-8.663305,-8.963305,-8.963305,-9.363306,-6.9633055,-2.5633056,4.6366944,12.136694,17.336695,18.636694,21.236694,20.336695,19.436695,16.836695,12.136694,10.436694,10.136694,11.536695,10.636694,9.236694,5.936694,3.2366943,0.83669436,-0.5633057,-3.6633058,-5.4633055,-7.063306,-7.4633055,-10.563306,-14.163305,-15.663305,-17.963306,-19.663305,-20.763306,-22.063305,-22.663305,-21.463306,-22.163305,-24.163305,-17.063305,-10.163305,-9.763306,-11.263306,-12.163305,-16.063305,-19.463306,-18.363306
11.536695,10.336695,9.736694,8.436694,6.8366942,4.5366945,1.3366944,-1.0633056,-2.1633058,-3.9633057,-5.4633055,-6.6633058,-8.263306,-8.863306,-8.663305,-5.2633057,0.53669435,7.7366943,12.636694,16.636694,18.436695,19.236694,17.236694,15.336695,11.336695,11.036695,13.636694,11.336695,9.336695,7.1366944,4.6366944,2.4366944,1.6366943,0.83669436,-1.7633057,-4.7633057,-7.1633058,-8.763306,-9.663305,-11.963305,-15.063306,-15.963305,-18.363306,-20.363306,-22.663305,-23.663305,-23.963306,-23.763306,-24.063305,-21.263306,-15.363306,-9.663305,-10.363306,-11.263306,-15.663305,-19.963306,-21.963306,-22.363306
11.436694,11.936694,11.336695,10.236694,8.536695,5.5366945,2.8366942,2.1366944,0.73669434,0.036694337,-2.4633057,-5.3633056,-5.7633057,-6.063306,-4.4633055,-1.4633057,1.9366944,8.636694,10.936694,12.436694,15.536695,15.736694,12.936694,12.036695,10.836695,12.136694,10.736694,9.536695,7.1366944,4.2366943,1.7366943,1.8366944,2.3366942,-0.76330566,-1.9633057,-4.563306,-7.3633056,-9.463305,-10.663305,-13.563306,-15.763306,-17.263306,-18.963306,-20.763306,-23.163305,-24.663305,-25.063305,-26.263306,-26.563305,-21.063305,-12.263306,-8.463305,-10.063306,-10.363306,-14.363306,-20.663305,-19.263306,-20.163305
14.836695,14.536695,12.936694,10.136694,7.436694,5.5366945,2.3366942,-0.46330565,-2.4633057,-3.9633057,-5.6633058,-6.4633055,-6.1633058,-5.563306,-3.8633056,1.6366943,4.3366942,5.436694,10.336695,12.336695,13.436694,14.836695,10.736694,9.136694,9.436694,7.7366943,6.0366945,6.0366945,2.9366944,1.0366943,1.0366943,3.6366944,1.8366944,-0.96330565,-3.5633056,-6.4633055,-9.063306,-11.463305,-13.763306,-14.563306,-16.863306,-18.163305,-19.763306,-21.163305,-23.963306,-24.463306,-27.163305,-27.963306,-29.663305,-19.763306,-9.363306,-8.863306,-8.363306,-8.163305,-13.163305,-16.263306,-14.263306,-14.463305
18.336695,15.036695,11.736694,10.136694,7.7366943,4.6366944,2.6366944,0.036694337,-2.4633057,-3.0633056,-3.2633057,-4.063306,-4.2633057,-5.8633056,0.53669435,1.5366943,6.2366943,6.0366945,6.6366944,8.536695,11.136694,7.5366945,9.436694,7.1366944,6.0366945,4.2366943,2.9366944,1.9366944,-1.1633056,-0.26330566,-0.76330566,2.4366944,1.1366943,-3.1633058,-5.563306,-6.3633056,-9.663305,-11.863306,-13.863306,-14.363306,-16.363306,-18.463306,-20.663305,-21.263306,-24.063305,-23.463306,-28.563305,-30.563305,-21.863306,-16.063305,-9.063306,-7.6633058,-6.3633056,-3.1633058,-8.063306,-11.863306,-12.063306,-9.863306
15.936694,17.636694,14.036695,10.536695,6.6366944,4.6366944,2.6366944,-0.8633057,-2.4633057,-4.1633058,-5.8633056,-5.563306,-3.6633058,2.7366943,1.1366943,5.6366944,3.1366944,2.2366943,5.3366942,7.436694,4.7366943,6.8366942,5.0366945,4.1366944,3.8366942,1.5366943,1.2366943,-1.7633057,-0.46330565,0.6366943,-0.46330565,-0.16330567,-2.5633056,-3.5633056,-5.6633058,-7.063306,-10.663305,-12.963305,-14.763306,-15.263306,-16.863306,-18.863306,-20.063305,-20.963306,-24.063305,-29.363306,-29.963306,-32.163307,-24.163305,-11.963305,-7.9633055,-7.063306,-4.063306,-2.2633057,-5.563306,-5.8633056,-5.563306,-5.1633058
14.236694,10.636694,10.236694,8.236694,5.436694,3.8366942,1.9366944,-1.0633056,-2.1633058,-0.06330566,-2.4633057,0.036694337,-1.7633057,-1.6633056,3.1366944,4.5366945,1.0366943,2.7366943,3.8366942,3.9366944,5.5366945,4.7366943,2.4366944,2.0366943,1.6366943,1.0366943,-1.6633056,1.2366943,-3.2633057,-2.5633056,-4.563306,-3.8633056,-3.1633058,-6.063306,-6.063306,-7.6633058,-10.463305,-13.963305,-15.863306,-16.763306,-18.363306,-18.863306,-20.363306,-20.763306,-25.163305,-24.663305,-30.663305,-25.763306,-23.063305,-10.363306,-5.7633057,-5.3633056,-2.4633057,-1.7633057,0.036694337,0.33669433,4.6366944,7.0366945
14.936694,6.936694,5.3366942,5.8366942,4.6366944,1.7366943,0.036694337,-1.2633057,0.036694337,-0.46330565,-1.9633057,-3.6633058,0.6366943,4.2366943,3.6366944,-1.2633057,0.13669434,1.8366944,2.7366943,4.2366943,3.1366944,2.1366944,2.0366943,2.3366942,2.1366944,1.2366943,0.6366943,-3.7633057,-2.7633057,-5.1633058,-6.063306,-7.4633055,-5.9633055,-5.6633058,-6.6633058,-8.063306,-9.963305,-11.863306,-15.163305,-16.763306,-18.963306,-19.763306,-20.363306,-20.763306,-23.263306,-26.863306,-31.763306,-26.263306,-24.263306,-13.363306,-5.9633055,-4.063306,-0.8633057,1.0366943,2.1366944,4.8366942,6.7366943,8.136694
7.436694,7.0366945,4.2366943,3.2366943,1.3366944,-0.5633057,-0.66330564,-0.96330565,-0.66330564,-1.2633057,-1.4633057,1.5366943,3.0366943,-0.46330565,-4.2633057,-1.1633056,-0.16330567,0.9366943,2.7366943,1.8366944,2.3366942,2.6366944,2.5366943,1.6366943,0.83669436,-0.16330567,-1.5633056,-3.2633057,-5.3633056,-8.563306,-6.6633058,-7.7633057,-6.9633055,-6.7633057,-7.7633057,-8.463305,-10.663305,-13.163305,-15.563306,-17.363306,-19.063305,-19.163305,-18.763306,-18.563305,-18.163305,-25.763306,-19.963306,-27.663305,-25.263306,-12.863306,-3.9633057,-0.76330566,3.5366943,5.3366942,6.7366943,-7.2633057,8.536695,9.636694
12.036695,10.136694,10.136694,5.8366942,2.1366944,0.6366943,0.036694337,-1.1633056,0.13669434,0.73669434,1.5366943,1.1366943,-2.4633057,-1.6633056,-0.06330566,0.6366943,2.3366942,3.4366944,1.5366943,1.3366944,1.9366944,1.8366944,1.9366944,2.9366944,1.6366943,0.036694337,-1.7633057,-4.8633056,-5.9633055,-7.063306,-7.3633056,-8.963305,-8.263306,-7.563306,-7.063306,-6.9633055,-10.363306,-14.063306,-15.963305,-18.163305,-18.863306,-18.863306,-18.663305,-16.963306,-16.763306,-17.863306,-19.663305,-24.063305,-23.263306,-11.563306,-0.06330566,2.8366942,6.3366942,8.236694,9.036695,9.936694,15.236694,24.836695
9.236694,7.6366944,7.1366944,3.4366944,1.6366943,0.23669434,0.83669436,0.9366943,1.2366943,0.83669436,0.9366943,0.23669434,-0.16330567,1.2366943,2.6366944,3.0366943,0.83669436,2.6366944,1.1366943,2.5366943,1.9366944,2.5366943,3.1366944,2.3366942,0.73669434,-0.26330566,-3.4633057,-5.6633058,-7.4633055,-7.3633056,-7.9633055,-9.263306,-8.463305,-7.8633056,-5.063306,-6.6633058,-10.363306,-13.763306,-16.063305,-16.963306,-16.863306,-15.763306,-15.263306,-15.163305,-15.863306,-15.763306,-15.963305,-16.363306,-4.6633058,-1.4633057,2.2366943,6.5366945,7.436694,10.236694,10.936694,25.336695,15.836695,23.736694
5.3366942,6.436694,3.0366943,1.8366944,-0.46330565,0.73669434,1.2366943,1.1366943,1.6366943,1.8366944,2.1366944,3.3366942,2.3366942,2.6366944,2.2366943,2.2366943,3.4366944,1.9366944,1.3366944,1.7366943,2.2366943,2.5366943,2.5366943,1.1366943,1.0366943,-1.3633057,-5.6633058,-7.2633057,-9.063306,-7.9633055,-8.563306,-9.163305,-7.8633056,-7.7633057,-5.563306,-7.4633055,-10.763306,-15.563306,-16.063305,-15.563306,-14.363306,-13.863306,-14.763306,-14.963305,-15.063306,-14.363306,-13.463305,-8.963305,-3.3633056,-0.26330566,3.1366944,7.0366945,10.536695,21.036694,20.236694,22.536694,14.636694,22.136694
