jet_stream_data.json
{"header": { "discipline":0, "disciplineName":"Meteorological products", "gribEdition":2, "gribLength":59251, "center":7, "centerName":"US National Weather Service - NCEP(WMC)", "subcenter":0, "refTime":"2021-11-29T00:00:00.000Z", "significanceOfRT":0, "significanceOfRTName":"Analysis", "productStatus":0, "productStatusName":"Operational products", "productType":0, "productTypeName":"Analysis products", "productDefinitionTemplate":0, "productDefinitionTemplateName":"Analysis/forecast at horizontal level/layer at a point in time", "parameterCategory":2, "parameterCategoryName":"Momentum", "parameterNumber":3, "parameterNumberName":"V-component_of_wind", "parameterUnit":"m.s-1", "genProcessType":0, "genProcessTypeName":"Analysis", "forecastTime":0, "surface1Type":7, "surface1TypeName":"Tropopause", "surface1Value":0.0, "surface2Type":255, "surface2TypeName":"Missing", "surface2Value":0.0, "gridDefinitionTemplate":0, "gridDefinitionTemplateName":"Latitude_Longitude", "numberPoints":65160, "shape":6, "shapeName":"Earth spherical with radius of 6,371,229.0 m", "gridUnits":"degrees", "resolution":48, "winds":"true", "scanMode":0, "nx":360, "ny":181, "basicAngle":0, "lo1":0.0, "la1":90.0, "lo2":359.0, "la2":-90.0, "dx":1.0, "dy":1.0 }, "data":
[rows 104 to 129 of 181, columns 290 to 347 of 360]
3.2366943,5.2366943,-2.7633057,7.3366942,6.7366943,0.6366943,-7.1633058,-2.1633058,6.7366943,5.3366942,3.2366943,-1.1633056,-3.7633057,-2.3633056,0.036694337,1.8366944,2.6366944,-0.46330565,1.9366944,-0.66330564,1.6366943,2.2366943,0.036694337,0.83669436,-0.96330565,1.9366944,4.0366945,3.7366943,2.5366943,3.0366943,0.83669436,2.6366944,4.8366942,3.2366943,2.9366944,3.7366943,2.5366943,2.1366944,1.0366943,0.6366943,-4.063306,-2.9633057,1.8366944,1.0366943,-1.6633056,-1.1633056,-0.66330564,-2.7633057,-4.1633058,-7.563306,-2.9633057,-3.5633056,-3.9633057,-6.1633058,-4.9633055,-8.063306,-9.063306,-9.763306
1.0366943,1.2366943,5.2366943,4.436694,4.0366945,-0.06330566,3.1366944,9.136694,9.036695,7.5366945,5.7366943,4.7366943,6.3366942,5.936694,-2.7633057,0.036694337,1.6366943,1.4366944,2.9366944,6.436694,4.8366942,0.13669434,2.0366943,1.4366944,1.9366944,1.3366944,3.4366944,2.8366942,1.6366943,5.1366944,6.0366945,6.0366945,4.5366945,4.5366945,2.9366944,3.3366942,2.6366944,0.83669436,0.33669433,1.5366943,-1.5633056,-1.8633057,-1.1633056,-0.76330566,-0.76330566,-1.7633057,-0.26330566,-1.5633056,-4.1633058,-7.1633058,-0.96330565,0.43669432,-2.5633056,-6.563306,-6.4633055,-7.8633056,-9.463305,-9.863306
1.7366943,-0.5633057,1.0366943,3.5366943,2.3366942,5.6366944,5.3366942,4.936694,6.1366944,5.2366943,6.6366944,6.936694,6.7366943,5.7366943,3.8366942,-0.26330566,4.2366943,4.3366942,2.6366944,1.2366943,-2.3633056,-0.36330566,-0.46330565,1.3366944,3.9366944,8.136694,10.836695,1.3366944,-0.26330566,0.6366943,5.2366943,8.236694,7.5366945,4.436694,6.0366945,3.7366943,5.3366942,1.1366943,2.3366942,1.3366944,0.83669436,-1.2633057,-1.2633057,-1.9633057,-0.8633057,-1.3633057,-3.6633058,-3.2633057,-1.6633056,-0.06330566,-0.06330566,-2.5633056,-1.9633057,-3.6633058,-4.9633055,-8.063306,-5.6633058,-6.6633058
4.1366944,0.036694337,1.6366943,4.1366944,2.7366943,0.6366943,0.23669434,-1.7633057,-0.26330566,1.3366944,4.0366945,4.436694,5.0366945,1.9366944,1.8366944,2.7366943,0.83669436,2.6366944,-2.5633056,-4.1633058,-2.5633056,-0.76330566,-1.1633056,2.6366944,7.936694,8.536695,8.736694,9.836695,13.936694,1.7366943,4.7366943,4.7366943,4.5366945,4.6366944,5.6366944,4.936694,6.0366945,4.3366942,3.1366944,0.73669434,1.5366943,-0.76330566,-1.9633057,-2.7633057,-1.1633056,-2.0633056,-0.5633057,-2.1633058,-2.2633057,-1.8633057,-0.66330564,0.33669433,1.4366944,-1.8633057,-3.4633057,-5.3633056,-4.3633056,-3.0633056
-0.06330566,4.436694,5.6366944,4.5366945,2.0366943,-1.5633056,0.43669432,-0.5633057,-2.3633056,-1.2633057,3.3366942,0.036694337,5.3366942,3.1366944,4.7366943,3.8366942,7.2366943,1.7366943,2.1366944,-3.8633056,0.13669434,-1.5633056,-2.1633058,4.2366943,4.436694,-1.3633057,3.8366942,12.236694,4.8366942,1.7366943,3.6366944,5.2366943,5.2366943,4.6366944,5.1366944,5.3366942,4.2366943,3.8366942,3.2366943,2.7366943,0.23669434,-2.2633057,-2.2633057,-3.3633056,-0.96330565,0.13669434,-0.46330565,-3.0633056,-3.8633056,-3.9633057,-2.6633058,-0.76330566,-1.0633056,1.5366943,0.9366943,-4.4633055,-7.063306,-5.4633055
2.3366942,1.6366943,4.8366942,3.5366943,3.2366943,-4.063306,-0.06330566,1.2366943,-1.6633056,-0.76330566,2.4366944,1.7366943,-0.66330564,-5.4633055,-0.96330565,0.13669434,0.43669432,6.7366943,-2.0633056,-0.76330566,-2.3633056,-1.6633056,-1.0633056,1.3366944,-1.5633056,6.3366942,-0.5633057,7.8366942,4.0366945,2.5366943,5.1366944,4.436694,5.0366945,5.2366943,6.436694,5.5366945,4.3366942,3.8366942,4.8366942,4.936694,0.6366943,-0.26330566,-3.2633057,-0.06330566,3.4366944,4.8366942,0.43669432,0.036694337,-1.5633056,-2.1633058,-2.1633058,-0.96330565,-0.26330566,-0.76330566,1.2366943,-2.0633056,-5.2633057,-3.9633057
-0.46330565,2.6366944,0.6366943,1.9366944,-1.8633057,-4.063306,-1.0633056,-0.26330566,-0.5633057,0.9366943,3.2366943,-0.46330565,4.2366943,-5.8633056,8.336695,4.8366942,7.436694,8.236694,-6.4633055,-4.563306,-2.2633057,-3.7633057,-2.7633057,2.2366943,3.8366942,-1.0633056,0.43669432,0.9366943,1.5366943,4.436694,4.936694,5.0366945,5.5366945,5.436694,5.8366942,6.7366943,4.936694,6.5366945,3.8366942,3.7366943,2.9366944,0.6366943,0.6366943,0.6366943,3.8366942,0.036694337,0.33669433,1.1366943,-1.9633057,-1.6633056,-1.8633057,-1.8633057,-2.1633058,-1.2633057,-0.5633057,1.5366943,-2.3633056,-3.8633056
-1.4633057,0.43669432,0.23669434,-1.6633056,-3.2633057,-10.663305,-3.1633058,-3.1633058,1.2366943,0.13669434,2.5366943,1.5366943,-0.36330566,9.936694,16.836695,-4.3633056,-4.3633056,6.0366945,-7.4633055,-7.563306,-4.563306,-3.5633056,-4.063306,-0.46330565,0.036694337,-0.16330567,3.0366943,0.43669432,1.6366943,2.0366943,1.4366944,6.0366945,3.5366943,5.436694,6.7366943,4.2366943,4.936694,5.3366942,4.936694,4.0366945,3.9366944,3.4366944,2.1366944,0.73669434,4.0366945,7.936694,-0.26330566,1.4366944,3.4366944,2.0366943,1.9366944,-1.1633056,-4.8633056,-3.0633056,-3.4633057,-0.16330567,2.7366943,1.5366943
1.6366943,-7.2633057,-6.4633055,-5.6633058,-6.2633057,-7.7633057,3.1366944,3.8366942,3.6366944,0.036694337,-3.0633056,-2.7633057,-4.063306,2.4366944,4.7366943,-1.3633057,4.3366942,3.2366943,-3.8633056,-5.563306,-6.7633057,-5.6633058,-3.2633057,-3.4633057,-6.4633055,-2.8633056,-1.0633056,0.9366943,-0.36330566,-1.8633057,-0.36330566,2.1366944,5.5366945,6.3366942,3.0366943,4.2366943,4.2366943,6.1366944,4.436694,6.1366944,5.1366944,4.6366944,4.3366942,1.8366944,0.33669433,0.33669433,0.036694337,14.136694,0.13669434,-0.36330566,2.9366944,0.13669434,-2.8633056,-2.2633057,-4.6633058,-1.4633057,-1.7633057,-0.5633057
4.0366945,2.9366944,-4.563306,-2.1633058,-7.7633057,-9.763306,-2.7633057,-0.36330566,0.53669435,-0.26330566,-0.46330565,-6.1633058,-6.2633057,-1.6633056,-2.2633057,-1.4633057,-10.763306,-9.663305,9.436694,-4.7633057,-4.563306,-5.4633055,-6.2633057,-9.163305,-7.1633058,-6.1633058,-5.9633055,-3.3633056,-0.96330565,0.13669434,1.1366943,1.3366944,5.1366944,5.2366943,4.936694,4.5366945,4.6366944,3.6366944,5.1366944,5.3366942,5.0366945,4.2366943,-0.36330566,5.6366944,5.1366944,7.936694,1.6366943,10.936694,0.33669433,-1.1633056,-0.46330565,0.13669434,1.0366943,1.1366943,-1.0633056,-4.4633055,-13.963305,-15.963305
4.936694,5.1366944,2.2366943,-4.9633055,-5.6633058,10.136694,-1.0633056,-3.1633058,-4.7633057,-4.8633056,-6.1633058,-2.6633058,-2.3633056,-5.3633056,-2.9633057,-11.163305,-14.763306,-12.363306,-4.7633057,-4.2633057,-5.6633058,-4.4633055,-4.6633058,-6.6633058,-6.9633055,-4.9633055,-3.7633057,-2.1633058,-0.66330564,0.43669432,0.33669433,-0.26330566,1.9366944,3.1366944,5.6366944,5.3366942,4.0366945,3.1366944,2.8366942,4.436694,4.5366945,-4.563306,0.036694337,1.7366943,3.7366943,4.1366944,8.836695,2.6366944,7.5366945,0.13669434,-0.66330564,-1.5633056,-0.06330566,1.9366944,-9.863306,-10.963305,-0.96330565,-14.463305
-1.6633056,7.936694,3.4366944,-2.9633057,-0.8633057,-4.063306,7.7366943,10.236694,-7.6633058,-3.7633057,-3.1633058,-4.563306,-5.3633056,-7.2633057,-7.063306,-3.8633056,-17.863306,3.0366943,-12.363306,-10.063306,-5.2633057,-6.3633056,-3.4633057,-8.363306,-6.7633057,0.23669434,-6.6633058,-3.6633058,-1.3633057,0.13669434,1.2366943,0.53669435,0.23669434,2.6366944,2.2366943,3.8366942,3.0366943,1.6366943,2.6366944,2.5366943,3.4366944,4.1366944,-2.3633056,0.9366943,4.7366943,6.7366943,10.336695,14.636694,6.8366942,1.2366943,0.23669434,-0.76330566,-0.96330565,-1.2633057,0.036694337,-11.763306,-11.163305,0.13669434
2.8366942,3.6366944,0.83669436,-0.76330566,-4.6633058,-3.5633056,-5.8633056,-3.2633057,1.8366944,1.9366944,-1.0633056,-1.2633057,-1.3633057,-7.063306,-4.4633055,-7.9633055,-7.6633058,-10.763306,-3.2633057,-1.6633056,-4.1633058,-6.8633056,-5.6633058,-9.563306,-3.0633056,-2.5633056,-8.563306,-5.3633056,-0.8633057,-1.7633057,-3.2633057,-2.2633057,-0.16330567,0.43669432,1.3366944,1.5366943,2.5366943,2.3366942,1.2366943,1.5366943,2.6366944,1.2366943,-2.1633058,-0.46330565,0.73669434,4.936694,8.936694,8.136694,8.836695,7.0366945,2.3366942,-0.46330565,-0.46330565,-1.7633057,-3.0633056,-13.763306,-10.763306,-10.563306
3.3366942,2.2366943,-1.1633056,5.6366944,6.3366942,-7.063306,-4.1633058,-0.8633057,-1.4633057,-1.6633056,-2.3633056,-4.1633058,-4.6633058,-2.1633058,-11.463305,-7.6633058,-6.063306,-1.0633056,-3.4633057,-5.6633058,-11.363306,-10.163305,-5.2633057,-6.3633056,-1.5633056,-8.263306,-7.2633057,-5.9633055,-3.4633057,-3.6633058,-3.7633057,-3.8633056,-3.2633057,-0.96330565,-0.76330566,1.7366943,0.83669436,2.2366943,2.1366944,4.7366943,3.5366943,-5.9633055,-5.1633058,-3.0633056,-2.1633058,2.8366942,8.136694,10.236694,9.836695,4.8366942,-0.66330564,2.8366942,1.3366944,-0.16330567,1.4366944,-9.263306,-8.763306,-6.063306
1.8366944,1.6366943,1.3366944,2.6366944,7.7366943,8.636694,0.13669434,2.2366943,-6.9633055,-3.6633058,-5.4633055,-5.7633057,-10.563306,-7.063306,-5.6633058,-13.563306,-10.563306,-9.763306,-12.763306,-8.063306,-11.163305,-8.563306,-5.8633056,-5.7633057,-7.8633056,-4.563306,-6.063306,-5.3633056,-2.8633056,-4.9633055,-2.8633056,-4.563306,-0.36330566,-2.6633058,-0.76330566,0.23669434,0.9366943,-0.06330566,1.0366943,1.8366944,1.8366944,-5.6633058,-6.563306,-4.1633058,1.9366944,2.8366942,4.1366944,5.6366944,2.3366942,1.5366943,4.5366945,2.9366944,0.23669434,-3.6633058,-2.3633056,-6.4633055,-8.563306,-9.663305
2.3366942,3.5366943,0.83669436,7.5366945,1.6366943,5.436694,2.3366942,-7.7633057,-4.7633057,-7.6633058,-3.1633058,-7.3633056,-7.8633056,-11.663305,-10.063306,-13.863306,-15.763306,-16.363306,-17.363306,-13.663305,-14.263306,-13.163305,-10.663305,-6.063306,-8.963305,-4.1633058,-3.4633057,-2.3633056,-1.1633056,-1.5633056,-1.9633057,-1.4633057,0.6366943,0.43669432,-2.5633056,4.6366944,-0.96330565,0.13669434,-0.26330566,0.036694337,-0.66330564,-6.6633058,-2.5633056,-1.6633056,0.53669435,2.3366942,3.6366944,1.4366944,-2.1633058,-1.4633057,1.0366943,3.0366943,1.1366943,-0.96330565,-0.5633057,-1.5633056,-3.5633056,-7.3633056
1.4366944,-0.5633057,2.2366943,3.4366944,7.1366944,-0.06330566,-2.0633056,-6.2633057,-14.663305,-7.7633057,-8.963305,-9.463305,-11.863306,-10.763306,-12.363306,-15.163305,-15.863306,-17.363306,-15.163305,-21.763306,-17.963306,-12.263306,-12.063306,-7.3633056,-7.2633057,-3.0633056,0.23669434,-2.5633056,-4.4633055,-4.2633057,-0.8633057,-2.4633057,-2.5633056,-0.66330564,1.2366943,-0.76330566,-0.96330565,-9.263306,0.13669434,-8.963305,-8.063306,-4.2633057,-4.6633058,-3.5633056,-2.1633058,-3.0633056,0.73669434,-1.7633057,-4.063306,1.1366943,3.6366944,4.436694,6.1366944,0.73669434,1.1366943,1.3366944,-0.66330564,-1.9633057
4.936694,4.936694,2.6366944,3.4366944,6.5366945,-2.9633057,4.8366942,6.3366942,-11.763306,-10.563306,-9.963305,-8.363306,-8.563306,-10.163305,-9.463305,-10.463305,-19.663305,-19.963306,-17.763306,-18.963306,-18.063305,-16.863306,-14.363306,-4.3633056,-3.4633057,-5.4633055,-2.4633057,-0.76330566,-2.2633057,-3.1633058,0.036694337,-1.3633057,-1.0633056,-0.26330566,1.0366943,1.2366943,0.9366943,-9.263306,-10.263306,-11.063306,-6.063306,-4.563306,-0.5633057,2.9366944,5.3366942,1.0366943,1.1366943,1.4366944,-2.2633057,-1.3633057,1.4366944,2.9366944,5.2366943,5.436694,3.8366942,2.5366943,0.83669436,-0.96330565
4.436694,4.3366942,4.5366945,6.5366945,7.1366944,8.236694,9.536695,12.136694,14.536695,-7.2633057,-6.7633057,-6.7633057,-8.763306,-11.363306,-13.563306,-11.663305,-7.4633055,-17.263306,-17.263306,-18.863306,-13.263306,-10.363306,-8.563306,1.5366943,-3.1633058,-2.4633057,-4.563306,-1.5633056,-2.0633056,-2.5633056,-3.3633056,36.236694,37.336693,18.336695,0.6366943,1.0366943,-1.2633057,-9.463305,-6.563306,-3.3633056,-6.1633058,-5.7633057,-8.263306,-7.3633056,-5.1633058,-2.3633056,-1.0633056,-1.3633057,0.83669436,0.23669434,3.5366943,2.3366942,2.6366944,6.936694,7.6366944,6.0366945,6.436694,4.436694
4.7366943,3.4366944,5.3366942,5.8366942,6.5366945,8.536695,11.436694,13.136694,13.136694,-10.763306,-10.763306,-10.763306,-10.963305,-15.963305,-13.763306,-12.163305,-13.263306,-14.163305,-15.463305,-14.063306,-13.763306,-7.8633056,-6.2633057,-5.063306,1.3366944,-7.063306,-3.6633058,19.736694,25.336695,2.5366943,-1.6633056,1.1366943,39.936695,42.536694,12.136694,2.5366943,0.83669436,-6.7633057,-5.4633055,-7.1633058,-4.563306,-4.563306,-4.6633058,-5.4633055,-3.1633058,-2.2633057,-2.1633058,-1.9633057,0.33669433,2.4366944,4.6366944,5.2366943,9.036695,8.936694,13.836695,11.536695,9.036695,9.636694
4.436694,1.8366944,5.3366942,4.7366943,4.5366945,8.036695,11.936694,15.636694,10.436694,15.736694,14.736694,-12.063306,0.6366943,-10.463305,-5.063306,-5.4633055,-13.063306,-14.863306,-16.463306,-21.263306,-10.763306,-11.663305,-8.463305,-1.7633057,-4.9633055,-4.7633057,13.536695,19.136694,24.336695,5.2366943,22.836695,30.736694,31.536694,36.336693,32.836693,3.7366943,-0.06330566,-0.8633057,1.1366943,2.4366944,-0.36330566,-2.9633057,-1.3633057,-0.06330566,2.1366944,0.73669434,0.53669435,0.13669434,2.9366944,5.3366942,6.936694,5.6366944,7.3366942,9.936694,10.836695,12.536695,9.136694,9.036695
5.0366945,5.436694,6.5366945,4.8366942,6.6366944,10.336695,15.536695,15.536695,16.136694,13.636694,10.736694,-1.2633057,-3.1633058,-6.2633057,-12.963305,-18.363306,-14.163305,-15.463305,-28.463306,-12.163305,-17.263306,-13.463305,-7.063306,-2.2633057,3.4366944,8.636694,11.736694,16.636694,24.736694,28.436695,30.636694,29.736694,32.136696,30.536694,26.836695,18.636694,1.9366944,-1.3633057,1.6366943,3.2366943,3.2366943,5.7366943,5.0366945,4.2366943,3.2366943,2.1366944,0.9366943,3.1366944,2.5366943,4.7366943,6.0366945,6.7366943,8.836695,8.736694,11.036695,15.136694,13.736694,14.236694
6.6366944,8.236694,8.636694,9.436694,10.136694,10.236694,14.136694,15.836695,11.336695,11.836695,5.5366945,2.5366943,-3.3633056,-7.7633057,-10.463305,-18.063305,-24.463306,-26.263306,-29.563305,-25.063305,-23.463306,-18.063305,-13.663305,-6.063306,1.9366944,5.5366945,10.636694,15.736694,22.336695,25.736694,29.736694,29.636694,31.436695,26.936695,19.836695,19.336695,4.7366943,4.6366944,0.6366943,0.43669432,3.4366944,1.5366943,3.1366944,3.6366944,4.436694,4.436694,4.6366944,5.0366945,7.2366943,8.936694,11.536695,9.936694,11.436694,11.236694,11.836695,12.936694,8.936694,19.936695
7.3366942,9.036695,8.136694,9.436694,11.136694,11.036695,12.436694,11.736694,12.136694,4.8366942,4.2366943,-1.3633057,-4.3633056,-5.1633058,-7.6633058,-12.663305,-20.363306,-24.563305,-23.863306,-28.863306,-24.763306,-22.363306,-18.563305,-10.363306,-4.563306,1.6366943,6.0366945,13.936694,16.636694,21.536694,24.836695,27.636694,27.436695,29.536694,23.036694,18.136694,9.636694,6.7366943,6.2366943,-2.5633056,0.53669435,2.1366944,1.8366944,2.3366942,3.0366943,5.3366942,7.936694,8.636694,8.636694,10.036695,11.436694,9.736694,9.636694,10.436694,11.136694,7.436694,27.936695,27.136694
7.0366945,7.936694,9.936694,9.736694,10.436694,12.236694,7.936694,9.636694,9.636694,7.2366943,1.3366944,-4.6633058,-4.063306,-8.763306,-8.463305,-11.963305,-26.363306,-26.563305,-23.063305,-25.063305,-24.063305,-22.263306,-17.863306,-13.463305,-5.9633055,0.036694337,4.2366943,8.336695,13.936694,19.336695,22.336695,21.736694,27.036694,26.736694,19.636694,19.636694,16.636694,6.6366944,2.7366943,1.0366943,-1.4633057,-0.96330565,-0.5633057,-0.06330566,3.4366944,5.1366944,5.1366944,6.0366945,7.3366942,8.336695,9.536695,12.936694,16.836695,21.036694,24.836695,26.636694,27.136694,28.036694
6.936694,6.6366944,6.2366943,6.936694,7.6366944,8.936694,9.636694,2.7366943,6.436694,3.8366942,-3.1633058,-6.7633057,-7.6633058,-10.863306,-12.763306,-14.463305,-18.563305,-28.663305,-20.963306,-22.663305,-21.363306,-17.563305,-11.863306,-8.863306,-5.4633055,-3.7633057,-0.66330564,7.6366944,11.736694,15.536695,17.336695,23.136694,25.036694,18.536694,17.236694,15.536695,17.236694,16.036694,11.036695,8.036695,3.5366943,-1.0633056,-1.2633057,-1.3633057,0.23669434,2.0366943,3.8366942,6.2366943,8.736694,10.136694,13.136694,15.136694,20.636694,22.436695,26.536694,25.936695,24.336695,26.236694
