jet_stream_data.json
{"header": { "discipline":0, "disciplineName":"Meteorological products", "gribEdition":2, "gribLength":60308, "center":7, "centerName":"US National Weather Service - NCEP(WMC)", "subcenter":0, "refTime":"2021-11-29T00:00:00.000Z", "significanceOfRT":0, "significanceOfRTName":"Analysis", "productStatus":0, "productStatusName":"Operational products", "productType":0, "productTypeName":"Analysis products", "productDefinitionTemplate":0, "productDefinitionTemplateName":"Analysis/forecast at horizontal level/layer at a point in time", "parameterCategory":2, "parameterCategoryName":"Momentum", "parameterNumber":2, "parameterNumberName":"U-component_of_wind", "parameterUnit":"m.s-1", "genProcessType":0, "genProcessTypeName":"Analysis", "forecastTime":0, "surface1Type":7, "surface1TypeName":"Tropopause", "surface1Value":0.0, "surface2Type":255, "surface2TypeName":"Missing", "surface2Value":0.0, "gridDefinitionTemplate":0, "gridDefinitionTemplateName":"Latitude_Longitude", "numberPoints":65160, "shape":6, "shapeName":"Earth spherical with radius of 6,371,229.0 m", "gridUnits":"degrees", "resolution":48, "winds":"true", "scanMode":0, "nx":360, "ny":181, "basicAngle":0, "lo1":0.0, "la1":90.0, "lo2":359.0, "la2":-90.0, "dx":1.0, "dy":1.0 }, "data":
[rows 54 to 80 of 181, columns 236 to 294 of 360]
3.5804505,2.7804503,-0.01954956,-0.9195496,-2.7195497,-3.7195497,-3.3195496,-1.8195496,-1.5195496,-3.2195497,-0.6195496,1.7804505,3.0804505,4.2804503,5.7804503,7.8804502,8.38045,10.38045,13.280451,-2.5195496,0.08045044,0.18045044,1.8804505,0.48045045,-1.1195495,0.08045044,0.38045043,1.5804504,4.0804505,3.3804505,1.2804505,18.78045,21.68045,22.18045,22.48045,22.58045,22.58045,21.98045,29.28045,31.68045,36.68045,37.080452,37.580452,40.38045,44.080452,41.68045,43.78045,45.78045,46.080452,42.88045,47.98045,48.68045,47.580452,39.38045,37.78045,39.28045,39.18045,39.78045,41.68045
0.5804504,1.5804504,-6.6195498,-3.2195497,-7.6195498,-7.3195496,-7.6195498,-7.0195494,-6.5195494,-5.7195497,-4.4195495,-2.4195495,-0.31954956,-1.2195495,0.8804504,2.1804504,3.7804503,7.1804504,6.0804505,-5.1195498,0.68045044,13.18045,17.380451,0.8804504,-2.6195495,-0.81954956,-0.01954956,12.58045,18.48045,22.18045,24.18045,25.48045,24.28045,24.98045,24.28045,25.880451,38.78045,40.28045,38.98045,39.88045,39.48045,41.580452,46.68045,49.68045,49.48045,53.48045,57.18045,58.78045,59.88045,57.580452,42.080452,46.580452,47.18045,53.98045,50.080452,54.580452,49.080452,49.98045,50.48045
-0.11954956,0.78045046,-0.51954955,-0.31954956,-2.3195496,-5.7195497,-10.81955,-10.519549,-11.31955,-8.219549,-7.3195496,-5.9195495,-4.2195497,-5.0195494,-3.3195496,-0.6195496,2.4804504,3.6804504,6.3804502,7.7804503,8.38045,12.08045,15.18045,17.68045,20.18045,15.68045,15.780451,16.78045,18.880451,16.48045,18.98045,24.18045,24.380451,28.08045,27.380451,37.080452,39.18045,38.98045,40.88045,37.48045,40.18045,46.78045,52.98045,58.580452,60.080452,62.580452,60.28045,62.580452,41.580452,46.18045,52.88045,56.88045,54.78045,53.78045,63.68045,63.68045,63.38045,62.88045,58.68045
-1.4195496,-0.31954956,-1.2195495,-0.31954956,-0.21954957,-6.2195497,-4.1195498,-4.3195496,-4.1195498,-1.4195496,-2.4195495,-1.5195496,-0.81954956,0.28045043,1.1804504,2.7804503,4.3804502,6.5804505,13.58045,18.68045,17.78045,16.28045,12.980451,18.08045,21.98045,23.48045,15.58045,19.380451,16.78045,30.380451,24.18045,25.880451,33.48045,33.78045,34.580452,41.18045,38.98045,41.38045,42.48045,39.98045,40.98045,55.88045,60.48045,52.88045,61.28045,63.98045,60.88045,47.48045,42.580452,52.38045,58.28045,58.580452,62.38045,61.48045,64.48045,62.28045,61.080452,60.98045,58.38045
-1.5195496,-4.0195494,-2.2195497,-2.1195495,-4.9195495,-3.1195495,-6.0195494,-3.8195496,-3.3195496,-1.5195496,-1.5195496,0.8804504,3.0804505,6.3804502,9.18045,13.780451,16.68045,19.18045,22.880451,25.58045,22.880451,25.880451,24.48045,28.380451,32.580452,33.080452,30.28045,32.080452,27.08045,31.98045,31.880451,33.38045,37.38045,38.48045,40.580452,42.68045,45.080452,45.48045,47.28045,51.28045,56.080452,49.68045,48.580452,59.580452,62.78045,53.48045,44.580452,55.68045,57.18045,56.580452,59.88045,64.58045,61.580452,60.28045,60.98045,57.580452,55.28045,54.48045,50.68045
-4.7195497,-5.4195495,-5.3195496,-6.2195497,-5.1195498,-5.0195494,-5.2195497,-3.8195496,-2.5195496,-1.0195496,-0.01954956,0.78045046,2.5804505,4.3804502,15.58045,17.98045,21.08045,24.28045,27.380451,30.18045,33.18045,33.68045,35.18045,32.98045,36.18045,33.38045,36.080452,38.38045,40.68045,44.38045,45.48045,45.48045,45.78045,45.78045,44.580452,48.48045,52.48045,52.580452,55.38045,56.88045,55.78045,55.38045,59.68045,54.68045,53.28045,56.28045,54.48045,54.88045,58.080452,60.48045,50.88045,56.48045,49.88045,52.88045,50.68045,54.88045,49.78045,50.68045,46.78045
-8.11955,-9.519549,-7.6195498,-5.2195497,-5.3195496,-3.2195497,-2.5195496,-2.9195495,-3.1195495,-2.4195495,5.7804503,7.6804504,12.68045,17.58045,19.68045,23.380451,26.58045,28.08045,30.28045,31.58045,33.38045,35.28045,27.28045,34.98045,37.88045,38.88045,41.18045,44.28045,36.580452,38.68045,42.28045,44.18045,47.080452,49.28045,52.28045,53.580452,53.98045,55.18045,55.38045,57.080452,54.88045,55.580452,38.68045,50.28045,50.28045,48.88045,49.78045,45.48045,46.18045,46.98045,48.88045,46.38045,47.580452,43.78045,46.28045,38.48045,42.78045,49.78045,48.580452
-7.5195494,-7.7195497,-4.7195497,-3.9195495,-4.0195494,-3.6195495,-2.5195496,-0.51954955,-1.5195496,-0.71954954,12.68045,14.480451,16.68045,18.78045,19.58045,20.78045,21.98045,24.18045,26.68045,30.48045,27.880451,29.58045,32.68045,34.080452,36.080452,38.080452,39.580452,41.48045,42.98045,44.28045,46.080452,46.38045,48.38045,49.68045,51.98045,54.38045,52.080452,51.68045,51.68045,53.88045,51.48045,52.080452,40.28045,46.28045,43.28045,43.48045,42.18045,55.080452,54.78045,54.28045,50.88045,51.88045,49.78045,48.68045,47.88045,48.68045,48.78045,47.580452,37.18045
-2.4195495,-5.8195496,-6.3195496,-6.4195495,-3.3195496,-5.0195494,-4.0195494,-1.1195495,0.18045044,6.4804506,14.480451,16.880451,17.58045,17.58045,19.68045,20.48045,16.380451,22.380451,20.78045,24.78045,27.58045,29.380451,32.48045,33.98045,31.28045,33.580452,35.580452,38.080452,40.68045,41.28045,43.580452,44.98045,44.68045,47.48045,48.580452,50.580452,49.68045,51.78045,49.580452,42.88045,40.98045,44.68045,43.18045,48.98045,49.38045,48.48045,48.18045,48.68045,44.98045,47.080452,46.18045,44.88045,44.28045,42.28045,42.18045,43.78045,44.88045,46.28045,44.68045
-2.9195495,2.2804503,4.1804504,-1.7195495,-1.2195495,-2.0195496,-1.3195496,0.18045044,1.7804505,12.280451,17.28045,13.480451,10.38045,15.780451,16.58045,15.18045,15.08045,20.18045,22.380451,24.08045,26.28045,27.68045,28.380451,25.98045,29.380451,31.68045,33.580452,34.28045,35.18045,35.38045,38.080452,39.78045,41.38045,42.580452,44.28045,43.18045,45.68045,44.78045,44.68045,47.48045,46.18045,43.88045,43.38045,42.18045,42.78045,42.78045,43.080452,41.080452,42.580452,41.88045,40.28045,38.88045,38.88045,39.78045,39.080452,38.68045,38.580452,39.38045,41.68045
-2.1195495,-2.0195496,-1.6195495,-0.01954956,-0.01954956,1.0804504,4.7804503,7.3804502,12.18045,12.280451,13.480451,17.08045,19.48045,19.28045,11.980451,10.480451,16.880451,18.68045,20.880451,20.78045,22.08045,23.08045,23.48045,25.48045,28.380451,29.28045,28.880451,28.98045,30.08045,33.18045,33.38045,36.18045,37.28045,38.48045,38.88045,41.78045,41.18045,41.68045,42.48045,39.98045,41.580452,37.38045,37.98045,38.88045,37.98045,39.78045,39.98045,38.88045,38.88045,36.38045,33.88045,35.28045,36.18045,37.580452,36.88045,35.28045,35.78045,36.88045,37.38045
-1.2195495,-0.01954956,1.4804504,3.1804504,3.8804505,6.9804506,7.2804503,10.38045,14.480451,14.38045,8.68045,22.78045,23.08045,11.58045,7.9804506,12.280451,13.38045,13.980451,17.380451,15.58045,20.28045,19.28045,21.78045,23.380451,27.28045,25.28045,26.28045,26.380451,27.28045,31.58045,33.580452,33.88045,33.78045,35.18045,35.88045,36.88045,33.88045,32.88045,34.88045,34.18045,29.98045,31.98045,34.080452,33.580452,33.78045,35.080452,34.580452,33.580452,33.18045,33.18045,33.48045,31.98045,31.18045,31.68045,32.48045,32.28045,34.88045,34.48045,33.28045
0.18045044,1.5804504,3.7804503,5.4804506,7.8804502,8.280451,10.480451,13.780451,13.08045,18.68045,22.68045,23.48045,13.480451,8.08045,8.980451,10.480451,12.280451,13.480451,13.88045,18.18045,17.28045,17.380451,19.98045,20.380451,20.380451,21.18045,23.48045,21.68045,23.68045,26.08045,28.18045,30.880451,30.08045,29.880451,29.68045,30.18045,29.78045,28.18045,26.28045,27.880451,29.58045,31.08045,30.380451,29.68045,29.380451,29.48045,30.08045,30.48045,30.18045,29.08045,28.68045,28.380451,29.880451,30.48045,29.18045,30.08045,31.78045,30.98045,31.58045
2.3804505,3.1804504,5.9804506,7.8804502,8.980451,10.980451,8.88045,21.380451,13.480451,22.58045,22.08045,5.7804503,10.58045,7.0804505,9.280451,11.58045,13.780451,12.18045,12.480451,14.68045,12.18045,12.38045,14.08045,15.480451,15.980451,16.28045,14.58045,18.28045,22.08045,22.58045,25.380451,24.78045,24.98045,27.98045,27.58045,26.98045,25.68045,25.08045,25.98045,28.880451,28.48045,27.28045,27.380451,27.18045,29.68045,29.28045,27.58045,26.48045,27.48045,27.08045,28.68045,28.78045,28.78045,28.28045,29.08045,29.48045,27.58045,25.58045,25.68045
3.5804505,5.7804503,6.8804502,7.5804505,7.8804502,18.380451,19.58045,21.28045,22.28045,21.380451,19.98045,12.88045,13.780451,11.68045,14.18045,12.38045,11.68045,10.68045,10.980451,12.280451,12.58045,13.480451,13.58045,15.280451,13.480451,15.480451,14.780451,17.880451,18.18045,18.68045,18.68045,21.68045,24.380451,25.28045,25.18045,23.98045,20.18045,23.48045,22.28045,23.880451,23.880451,24.68045,23.380451,24.68045,24.48045,24.98045,25.18045,25.880451,26.78045,26.78045,27.08045,27.58045,29.18045,27.68045,28.08045,28.48045,28.380451,25.68045,27.380451
3.8804505,6.5804505,8.88045,10.280451,18.98045,18.68045,20.28045,21.08045,22.880451,16.98045,13.08045,13.88045,13.08045,16.98045,10.68045,9.280451,10.38045,9.780451,9.38045,12.780451,12.08045,9.280451,9.18045,6.7804503,9.58045,11.480451,13.58045,14.980451,16.18045,16.68045,18.78045,19.18045,20.18045,20.380451,21.380451,14.980451,20.380451,16.28045,22.18045,21.18045,22.28045,21.48045,22.48045,23.880451,23.48045,22.58045,21.78045,23.58045,25.18045,26.18045,27.68045,26.380451,26.08045,27.78045,22.48045,23.58045,25.28045,23.68045,19.98045
17.08045,18.28045,18.78045,19.18045,18.98045,20.48045,19.98045,20.48045,20.08045,14.68045,11.88045,10.68045,12.68045,7.6804504,7.1804504,11.58045,11.88045,11.980451,12.08045,10.38045,8.980451,6.2804503,5.5804505,8.58045,8.58045,9.58045,13.38045,11.38045,14.280451,15.38045,14.980451,14.980451,14.38045,11.58045,14.18045,14.480451,14.18045,17.58045,17.98045,20.18045,21.28045,16.68045,17.58045,20.880451,21.380451,18.78045,19.48045,23.48045,22.58045,21.880451,21.380451,19.68045,23.880451,26.68045,25.58045,25.380451,25.48045,25.48045,18.880451
16.880451,16.58045,16.98045,17.18045,18.58045,18.68045,16.48045,15.980451,17.58045,9.38045,11.58045,9.88045,10.980451,7.4804506,11.980451,13.18045,13.58045,11.38045,10.480451,11.68045,4.7804503,2.7804503,6.6804504,9.58045,9.980451,8.980451,9.38045,9.780451,13.980451,12.980451,13.88045,11.780451,10.280451,11.68045,9.68045,9.88045,10.38045,11.480451,10.280451,14.280451,13.58045,16.48045,17.78045,17.68045,17.78045,16.68045,16.78045,15.980451,15.18045,16.98045,19.08045,20.18045,20.28045,20.78045,22.98045,22.880451,23.48045,24.68045,26.880451
15.58045,15.980451,17.48045,17.68045,16.58045,14.980451,16.58045,14.88045,13.68045,16.18045,9.58045,7.0804505,6.7804503,13.18045,12.08045,10.38045,7.4804506,8.280451,6.3804502,5.5804505,4.3804502,5.8804502,10.68045,7.5804505,8.38045,9.18045,8.58045,9.18045,10.280451,9.08045,7.5804505,7.6804504,8.280451,7.2804503,7.2804503,9.18045,10.08045,9.68045,9.38045,11.480451,11.38045,10.38045,11.480451,11.88045,11.980451,13.68045,13.18045,14.08045,16.98045,17.08045,17.48045,19.68045,19.48045,20.78045,19.68045,20.68045,22.18045,23.380451,22.380451
14.980451,15.08045,18.28045,15.68045,15.88045,15.780451,13.280451,13.88045,14.88045,12.18045,11.480451,7.4804506,9.88045,12.980451,11.280451,7.8804502,6.4804506,3.0804505,3.9804504,3.6804504,3.7804503,8.58045,3.0804505,2.3804505,3.2804503,4.4804506,5.2804503,6.9804506,8.780451,4.6804504,3.5804505,4.2804503,4.2804503,5.5804505,9.38045,9.480451,7.6804504,6.9804506,8.08045,10.18045,8.980451,8.780451,11.88045,10.18045,11.18045,10.88045,9.780451,11.780451,14.780451,16.98045,18.48045,17.78045,19.18045,19.68045,17.98045,18.98045,20.48045,20.18045,21.380451
15.68045,16.18045,16.58045,14.68045,14.58045,12.480451,11.58045,15.780451,14.08045,14.280451,9.88045,10.18045,10.38045,10.280451,7.7804503,5.3804502,3.4804504,1.1804504,2.8804505,6.8804502,8.280451,7.6804504,-0.71954954,0.68045044,-0.01954956,1.6804504,5.9804506,5.2804503,3.1804504,2.9804504,4.2804503,4.0804505,3.1804504,5.3804502,4.8804502,7.6804504,6.6804504,4.8804502,4.1804504,10.980451,5.0804505,5.5804505,4.8804502,6.3804502,8.38045,8.18045,9.18045,11.08045,6.8804502,15.780451,15.18045,15.980451,15.88045,15.38045,17.08045,18.28045,18.98045,18.98045,18.380451
18.78045,14.88045,11.280451,12.980451,13.68045,12.18045,11.480451,15.280451,15.08045,11.780451,7.2804503,7.2804503,7.6804504,3.2804503,3.8804505,3.8804505,1.5804504,3.9804504,5.2804503,4.7804503,9.980451,1.0804504,-1.3195496,-1.0195496,0.18045044,2.5804505,3.7804503,3.2804503,0.48045045,3.2804503,3.4804504,6.3804502,5.2804503,6.0804505,6.6804504,7.8804502,8.68045,9.08045,9.88045,10.18045,1.0804504,1.3804505,2.4804504,3.2804503,3.1804504,6.1804504,8.980451,9.980451,9.38045,6.5804505,12.980451,8.280451,12.780451,5.3804502,9.480451,9.88045,9.280451,9.780451,15.08045
13.08045,12.780451,8.280451,10.58045,14.68045,13.68045,10.68045,12.38045,9.68045,9.38045,6.8804502,5.3804502,1.6804504,5.0804505,-1.7195495,0.5804504,2.8804505,1.5804504,3.5804505,6.2804503,-1.3195496,-0.71954954,0.48045045,0.68045044,-1.5195496,-1.4195496,0.98045045,-1.9195496,0.08045044,0.68045044,2.6804504,4.2804503,5.5804505,5.2804503,4.2804503,5.6804504,6.1804504,6.1804504,7.9804506,8.68045,5.5804505,4.5804505,5.9804506,5.9804506,5.8804502,11.08045,11.58045,13.58045,12.18045,12.18045,12.480451,4.1804504,11.780451,12.38045,10.58045,12.480451,12.88045,13.18045,13.88045
9.18045,10.18045,8.68045,11.280451,13.280451,12.08045,11.18045,11.780451,13.480451,8.88045,7.7804503,1.8804505,3.3804505,1.3804505,4.1804504,-1.1195495,1.6804504,3.1804504,5.0804505,-1.3195496,0.18045044,2.2804503,4.7804503,5.9804506,8.280451,3.2804503,3.8804505,0.18045044,-4.2195497,1.9804504,0.98045045,1.2804505,2.9804504,3.2804503,2.3804505,4.8804502,5.2804503,4.4804506,4.4804506,7.6804504,7.6804504,9.58045,10.280451,4.9804506,4.7804503,6.6804504,6.0804505,9.280451,8.58045,9.58045,11.280451,10.38045,10.980451,12.18045,7.7804503,12.280451,10.280451,11.780451,11.480451
8.980451,8.68045,8.38045,13.18045,14.08045,12.280451,11.280451,11.68045,10.08045,8.980451,6.6804504,-2.0195496,1.7804505,1.2804505,1.5804504,0.38045043,7.6804504,3.4804504,7.2804503,3.9804504,1.8804505,3.3804505,5.1804504,6.3804502,7.4804506,2.2804503,2.9804504,3.3804505,3.0804505,0.68045044,1.1804504,1.9804504,0.38045043,-0.6195496,1.0804504,4.2804503,6.7804503,3.5804505,4.6804504,4.4804506,4.4804506,5.8804502,4.9804506,3.1804504,4.8804502,2.7804503,0.5804504,7.8804502,3.2804503,3.4804504,3.9804504,3.3804505,4.7804503,6.6804504,7.3804502,8.58045,9.88045,10.18045,9.480451
17.28045,11.38045,8.780451,14.08045,13.88045,15.68045,11.18045,15.68045,10.980451,9.280451,6.9804506,0.8804504,4.1804504,4.6804504,11.18045,4.8804502,11.980451,6.3804502,6.1804504,4.6804504,0.38045043,0.98045045,4.3804502,5.3804502,7.9804506,3.5804505,7.8804502,7.3804502,6.1804504,4.0804505,1.0804504,-1.6195495,2.0804505,0.8804504,-0.41954955,2.2804503,4.7804503,0.68045044,4.6804504,2.4804504,3.7804503,6.2804503,4.2804503,4.9804506,3.4804504,2.5804505,1.2804505,1.0804504,2.2804503,1.5804504,2.7804503,2.8804505,3.5804505,4.2804503,6.1804504,5.7804503,7.1804504,6.9804506,7.3804502
11.780451,12.38045,10.980451,15.38045,14.780451,17.18045,13.88045,14.980451,5.7804503,9.980451,12.480451,2.9804504,5.6804504,5.2804503,7.1804504,12.88045,11.780451,6.5804505,6.8804502,4.6804504,0.8804504,0.5804504,4.0804505,4.9804506,2.0804505,1.6804504,7.5804505,2.5804505,2.8804505,2.6804504,-0.01954956,-1.7195495,2.5804505,-1.0195496,0.78045046,3.2804503,7.4804506,4.7804503,2.6804504,3.8804505,2.2804503,3.5804505,-0.11954956,1.8804505,4.5804505,7.3804502,4.1804504,4.2804503,0.78045046,1.3804505,0.68045044,-0.11954956,1.8804505,-0.01954956,2.5804505,3.1804504,6.4804506,5.9804506,5.6804504
