jet_stream_data.json
{"header": { "discipline":0, "disciplineName":"Meteorological products", "gribEdition":2, "gribLength":60308, "center":7, "centerName":"US National Weather Service - NCEP(WMC)", "subcenter":0, "refTime":"2021-11-29T00:00:00.000Z", "significanceOfRT":0, "significanceOfRTName":"Analysis", "productStatus":0, "productStatusName":"Operational products", "productType":0, "productTypeName":"Analysis products", "productDefinitionTemplate":0, "productDefinitionTemplateName":"Analysis/forecast at horizontal level/layer at a point in time", "parameterCategory":2, "parameterCategoryName":"Momentum", "parameterNumber":2, "parameterNumberName":"U-component_of_wind", "parameterUnit":"m.s-1", "genProcessType":0, "genProcessTypeName":"Analysis", "forecastTime":0, "surface1Type":7, "surface1TypeName":"Tropopause", "surface1Value":0.0, "surface2Type":255, "surface2TypeName":"Missing", "surface2Value":0.0, "gridDefinitionTemplate":0, "gridDefinitionTemplateName":"Latitude_Longitude", "numberPoints":65160, "shape":6, "shapeName":"Earth spherical with radius of 6,371,229.0 m", "gridUnits":"degrees", "resolution":48, "winds":"true", "scanMode":0, "nx":360, "ny":181, "basicAngle":0, "lo1":0.0, "la1":90.0, "lo2":359.0, "la2":-90.0, "dx":1.0, "dy":1.0 }, "data":
[rows 54 to 80 of 181, columns 0 to 58 of 360]
17.98045,18.880451,14.08045,14.480451,17.380451,20.380451,21.08045,25.78045,34.38045,38.88045,48.98045,54.080452,51.88045,58.38045,63.78045,67.48045,71.88045,73.48045,75.78045,75.98045,77.48045,78.18045,77.68045,78.48045,78.38045,79.08045,73.28045,71.88045,66.88045,61.68045,55.38045,55.18045,57.580452,56.28045,56.48045,54.48045,45.88045,47.38045,47.28045,47.080452,44.68045,39.98045,36.48045,29.58045,29.48045,23.08045,23.380451,21.28045,14.58045,10.480451,11.58045,12.58045,12.88045,13.280451,13.280451,12.38045,12.38045,12.08045,12.980451
12.780451,13.980451,17.880451,21.08045,24.08045,29.380451,30.48045,43.080452,46.98045,55.98045,51.28045,53.78045,63.68045,65.18045,68.98045,53.580452,73.18045,75.18045,73.68045,70.38045,71.08045,71.58045,70.38045,71.38045,73.78045,67.48045,68.48045,74.08045,64.38045,60.68045,58.28045,55.28045,53.28045,55.88045,54.78045,58.48045,50.78045,48.18045,46.48045,45.48045,45.48045,43.580452,36.88045,30.98045,26.68045,22.08045,22.98045,26.58045,16.880451,13.68045,12.980451,13.68045,10.88045,14.08045,13.88045,11.980451,12.88045,13.88045,14.08045
10.88045,16.18045,21.78045,28.18045,39.78045,49.48045,45.38045,49.580452,53.28045,51.68045,60.98045,64.98045,66.48045,68.58045,64.98045,72.78045,72.08045,70.38045,67.08045,68.18045,69.98045,65.98045,65.68045,64.18045,62.78045,63.48045,62.18045,58.28045,54.18045,60.88045,64.18045,51.98045,48.48045,51.38045,51.28045,51.28045,44.68045,43.18045,44.18045,44.88045,42.38045,44.28045,38.080452,34.28045,27.98045,24.48045,23.48045,27.880451,23.380451,15.58045,11.780451,15.88045,12.480451,13.58045,11.58045,13.480451,12.08045,13.88045,15.480451
17.78045,27.08045,38.48045,44.98045,45.28045,49.68045,50.48045,47.38045,55.78045,61.78045,63.78045,65.78045,67.08045,68.48045,68.98045,65.68045,68.18045,67.68045,66.18045,68.48045,66.38045,60.48045,55.48045,54.68045,57.18045,59.18045,58.68045,56.98045,55.080452,55.98045,53.38045,52.48045,48.580452,46.68045,46.88045,44.78045,43.48045,40.98045,44.28045,40.38045,41.18045,39.88045,40.68045,35.98045,28.68045,24.48045,25.28045,25.48045,26.48045,17.98045,15.980451,16.68045,17.58045,13.08045,14.280451,15.280451,14.38045,17.68045,19.48045
33.98045,38.580452,41.38045,45.38045,50.38045,55.580452,48.78045,52.28045,51.68045,61.080452,46.18045,49.080452,68.98045,65.18045,66.18045,66.68045,64.38045,65.18045,66.28045,61.18045,58.78045,56.48045,53.38045,50.580452,53.98045,57.38045,55.88045,52.48045,50.580452,51.580452,50.78045,46.78045,45.48045,44.88045,42.28045,40.080452,40.98045,38.580452,36.98045,38.18045,37.28045,40.28045,39.080452,37.88045,33.78045,25.08045,23.880451,25.08045,28.58045,25.18045,18.48045,17.48045,20.18045,16.880451,18.68045,18.48045,21.18045,23.58045,27.68045
37.98045,42.080452,45.18045,50.18045,51.68045,49.48045,52.580452,57.98045,46.080452,43.080452,65.08045,66.18045,64.68045,62.88045,65.38045,62.68045,61.98045,60.38045,56.68045,58.88045,57.080452,54.28045,52.18045,49.88045,49.38045,49.78045,50.78045,47.68045,47.580452,44.580452,42.98045,43.68045,40.080452,41.080452,38.580452,37.48045,37.580452,36.98045,32.48045,36.48045,36.78045,34.18045,37.18045,35.68045,31.880451,27.880451,23.58045,23.98045,25.48045,28.58045,22.58045,21.380451,20.28045,23.18045,26.78045,22.58045,25.28045,32.78045,33.080452
43.18045,46.580452,48.88045,50.88045,48.38045,50.28045,40.580452,42.28045,52.080452,63.18045,60.88045,62.080452,59.48045,53.88045,54.580452,54.88045,58.080452,58.78045,57.38045,53.48045,53.080452,36.38045,34.88045,32.28045,40.18045,44.18045,44.18045,45.28045,43.68045,41.28045,36.98045,37.18045,37.78045,37.48045,35.88045,37.580452,36.28045,33.88045,30.880451,33.38045,34.68045,33.78045,30.880451,32.48045,30.380451,25.68045,22.48045,22.880451,23.58045,30.380451,24.68045,26.98045,26.78045,26.380451,30.18045,32.28045,34.68045,33.88045,33.580452
45.080452,47.48045,43.68045,49.580452,47.38045,38.98045,40.080452,61.98045,59.580452,59.18045,58.98045,48.38045,57.38045,55.18045,56.28045,57.18045,43.48045,33.580452,32.38045,32.18045,34.48045,47.28045,34.78045,30.08045,32.88045,34.18045,32.18045,33.78045,32.78045,34.88045,33.580452,33.580452,31.68045,31.58045,32.28045,32.18045,32.48045,31.18045,30.880451,30.48045,31.68045,32.28045,29.880451,31.48045,28.98045,37.48045,33.48045,30.28045,23.68045,24.48045,29.58045,30.58045,28.58045,30.58045,30.18045,30.98045,35.88045,37.28045,38.88045
45.28045,36.68045,39.080452,42.18045,49.98045,37.080452,56.580452,58.68045,59.78045,57.28045,53.68045,56.580452,54.28045,58.38045,31.68045,52.78045,50.580452,50.28045,37.080452,26.18045,38.28045,29.28045,28.08045,30.48045,24.880451,23.98045,25.380451,26.880451,25.98045,30.78045,26.68045,27.28045,27.880451,26.880451,29.48045,30.68045,32.28045,29.98045,28.18045,27.880451,27.880451,27.880451,28.48045,27.380451,27.48045,30.48045,27.28045,26.98045,25.78045,22.08045,24.18045,27.48045,28.880451,31.08045,32.98045,33.080452,33.98045,34.580452,33.98045
34.78045,38.78045,38.580452,44.98045,54.18045,57.78045,54.38045,55.48045,46.28045,51.080452,53.78045,51.48045,40.18045,48.580452,47.78045,24.28045,23.58045,24.58045,22.68045,21.380451,21.48045,22.880451,24.98045,25.08045,26.18045,21.28045,21.98045,23.98045,24.880451,23.78045,22.48045,22.78045,22.78045,25.380451,27.08045,27.18045,6.5804505,12.280451,15.18045,17.380451,25.08045,17.08045,26.68045,20.08045,24.08045,24.28045,30.28045,27.78045,25.68045,25.68045,28.48045,29.28045,28.880451,31.18045,31.880451,33.78045,33.48045,33.48045,35.28045
44.580452,39.18045,49.28045,53.080452,56.28045,52.080452,51.18045,49.98045,47.78045,48.18045,46.38045,25.18045,42.78045,30.48045,27.18045,23.380451,21.78045,22.08045,22.18045,20.18045,19.68045,20.28045,20.880451,23.08045,19.98045,19.48045,20.98045,21.48045,21.380451,19.880451,20.880451,20.98045,22.08045,19.08045,24.18045,25.18045,7.5804505,9.38045,24.380451,25.78045,16.98045,19.28045,21.48045,19.880451,23.68045,24.48045,25.880451,17.58045,21.48045,24.48045,28.28045,27.68045,30.380451,30.68045,30.78045,37.98045,37.18045,37.98045,40.18045
41.98045,49.38045,53.78045,42.88045,50.78045,44.48045,45.88045,45.580452,45.48045,41.18045,24.78045,27.48045,28.08045,24.48045,21.28045,20.380451,23.18045,22.08045,20.08045,19.78045,18.48045,18.380451,13.38045,13.980451,15.58045,17.880451,17.380451,15.68045,16.48045,15.480451,16.28045,15.780451,15.980451,19.28045,23.58045,11.68045,13.18045,14.980451,12.58045,15.58045,14.58045,16.78045,17.98045,17.98045,20.08045,24.18045,23.58045,22.98045,25.78045,28.380451,28.68045,19.880451,22.78045,32.88045,35.580452,33.28045,33.28045,33.38045,36.18045
49.580452,51.18045,50.080452,49.68045,43.98045,42.080452,44.18045,41.78045,42.080452,35.48045,33.78045,37.78045,17.58045,17.08045,18.380451,19.880451,20.48045,19.48045,18.48045,16.58045,14.280451,10.780451,9.68045,11.980451,13.58045,13.88045,13.08045,8.58045,11.08045,9.780451,12.68045,13.08045,16.78045,9.18045,12.68045,11.58045,13.780451,19.48045,13.980451,10.18045,11.08045,14.08045,15.980451,17.18045,17.98045,20.58045,19.98045,21.18045,20.98045,24.18045,21.58045,15.68045,32.38045,30.58045,30.28045,32.68045,27.380451,28.28045,32.080452
47.88045,46.88045,47.38045,41.080452,39.580452,40.98045,29.18045,38.48045,27.28045,32.18045,31.08045,32.38045,35.48045,34.580452,15.280451,16.98045,15.280451,14.480451,15.88045,9.480451,7.8804502,8.480451,8.68045,9.780451,9.58045,8.980451,8.280451,4.9804506,9.18045,8.58045,9.88045,6.1804504,5.7804503,8.68045,11.280451,12.58045,14.38045,11.780451,12.88045,14.08045,15.980451,9.780451,10.58045,14.08045,16.880451,16.48045,17.28045,16.28045,17.68045,23.380451,16.78045,25.98045,27.18045,28.98045,20.98045,21.68045,22.58045,22.18045,33.98045
45.38045,38.68045,37.080452,36.98045,38.18045,37.080452,34.78045,31.48045,31.68045,31.78045,31.68045,26.78045,30.08045,10.58045,12.18045,10.38045,10.280451,9.480451,12.480451,6.9804506,6.6804504,4.2804503,4.8804502,5.5804505,5.3804502,4.8804502,4.5804505,3.4804504,4.5804505,2.6804504,6.1804504,2.0804505,1.5804504,0.08045044,4.9804506,8.480451,9.88045,11.480451,12.68045,13.08045,14.68045,13.980451,10.68045,9.08045,12.18045,14.38045,12.88045,14.58045,13.58045,12.980451,14.68045,22.48045,27.380451,16.78045,18.18045,19.48045,20.78045,36.18045,13.280451
33.28045,33.080452,35.88045,34.78045,35.28045,33.68045,28.68045,28.380451,29.28045,28.58045,27.58045,26.58045,12.38045,13.18045,8.88045,9.780451,10.38045,9.88045,2.6804504,2.3804505,0.28045043,-0.51954955,1.5804504,3.0804505,2.6804504,1.0804504,5.3804502,2.3804505,1.4804504,2.2804503,0.78045046,-2.2195497,-1.0195496,-2.7195497,0.28045043,-1.9195496,-0.21954957,0.68045044,0.5804504,2.7804503,3.9804504,5.1804504,5.8804502,5.8804502,5.6804504,9.18045,9.980451,10.38045,9.58045,10.38045,10.68045,13.38045,14.780451,15.08045,14.68045,12.280451,17.18045,15.88045,26.68045
30.68045,30.08045,31.380451,30.880451,31.58045,27.28045,27.380451,25.98045,27.880451,26.78045,16.68045,20.68045,9.980451,9.88045,9.58045,7.9804506,9.88045,7.7804503,4.9804506,3.2804503,0.68045044,-2.0195496,2.4804504,-1.1195495,0.18045044,-1.4195496,-1.3195496,-0.01954956,-1.6195495,-2.2195497,-1.0195496,-1.9195496,-3.6195495,-3.1195495,-3.5195496,-1.4195496,0.8804504,-0.71954954,1.6804504,2.2804503,1.7804505,2.4804504,1.8804505,4.0804505,6.1804504,4.3804502,4.5804505,5.7804503,7.0804505,10.480451,9.780451,11.18045,10.480451,9.980451,11.480451,14.08045,15.88045,16.380451,14.08045
27.880451,28.08045,26.08045,26.78045,26.58045,25.380451,25.68045,25.18045,23.98045,12.38045,10.480451,6.1804504,6.4804506,8.68045,6.4804506,6.6804504,5.5804505,4.4804506,3.3804505,0.5804504,0.28045043,-2.0195496,0.18045044,-1.1195495,-1.8195496,-2.6195495,-3.4195495,-3.8195496,-5.0195494,-5.4195495,-7.0195494,-7.0195494,-7.5195494,-7.2195497,-5.1195498,-5.1195498,-3.8195496,-3.3195496,-1.5195496,-1.9195496,-1.8195496,-2.1195495,1.5804504,1.0804504,2.3804505,1.0804504,2.2804503,3.5804505,6.5804505,9.18045,8.980451,6.9804506,6.0804505,8.88045,12.08045,12.38045,12.38045,9.18045,9.780451
26.48045,22.98045,26.48045,19.78045,22.78045,23.880451,23.58045,16.58045,15.480451,13.780451,10.08045,9.08045,6.7804503,9.18045,2.9804504,5.6804504,3.0804505,3.1804504,2.7804503,-0.6195496,-3.3195496,-5.6195498,-4.7195497,-3.2195497,-2.6195495,-5.3195496,-4.1195498,-3.9195495,-5.0195494,-8.31955,-7.5195494,-8.41955,-6.2195497,-6.6195498,-7.7195497,-6.5195494,-4.2195497,-6.1195498,-6.0195494,-3.9195495,-3.8195496,-2.3195496,-2.1195495,-1.3195496,-0.81954956,1.0804504,2.6804504,4.4804506,5.1804504,7.2804503,5.3804502,5.2804503,6.1804504,9.38045,8.980451,7.5804505,5.4804506,6.9804506,8.88045
24.48045,20.380451,22.380451,22.08045,19.48045,22.28045,20.48045,10.980451,12.88045,12.480451,11.780451,8.68045,6.4804506,2.6804504,1.5804504,2.9804504,1.2804505,1.4804504,0.8804504,-2.1195495,-4.8195496,-7.2195497,-5.0195494,-6.5195494,-6.2195497,-7.5195494,-6.1195498,-4.3195496,-9.81955,-10.91955,-9.719549,-11.019549,-10.91955,-8.61955,-8.219549,-9.519549,-8.81955,-8.91955,-9.11955,-8.91955,-7.5195494,-6.1195498,-3.7195497,-1.3195496,1.2804505,2.1804504,0.8804504,1.1804504,1.0804504,1.5804504,-0.11954956,3.8804505,5.2804503,3.9804504,3.7804503,3.3804505,4.8804502,6.2804503,5.1804504
15.280451,22.98045,19.880451,21.380451,17.48045,9.88045,7.2804503,9.58045,10.18045,13.38045,11.38045,10.58045,2.6804504,5.3804502,0.48045045,1.4804504,1.2804505,-0.51954955,-2.2195497,-5.6195498,-6.4195495,-9.31955,-9.019549,-9.719549,-8.519549,-9.41955,-9.31955,-11.31955,-13.81955,-15.519549,-13.519549,-13.719549,-14.019549,-12.91955,-10.519549,-10.41955,-12.019549,-10.31955,-9.019549,-9.719549,-9.41955,-8.019549,-6.2195497,-6.8195496,-5.9195495,-5.8195496,-3.0195496,-3.7195497,-3.7195497,-2.6195495,0.38045043,0.8804504,0.5804504,1.2804505,1.4804504,2.5804505,3.4804504,4.2804503,3.8804505
18.58045,17.58045,17.880451,16.880451,8.780451,6.3804502,7.2804503,6.6804504,9.480451,10.480451,10.18045,3.0804505,2.6804504,6.8804502,-1.7195495,0.8804504,0.68045044,-2.8195496,-2.1195495,-4.5195494,-5.5195494,-10.719549,-10.519549,-10.719549,-11.219549,-8.41955,-8.91955,-12.11955,-13.61955,-15.31955,-13.219549,-14.219549,-12.81955,-13.719549,-12.81955,-13.219549,-12.61955,-12.41955,-12.219549,-11.11955,-9.41955,-10.11955,-11.41955,-11.519549,-10.219549,-7.0195494,-4.7195497,-6.7195497,-7.8195496,-4.4195495,-3.5195496,-2.8195496,-0.21954957,-0.51954955,-0.81954956,-0.01954956,1.2804505,3.2804503,3.9804504
17.78045,14.58045,9.68045,17.68045,3.9804504,6.5804505,2.5804505,5.4804506,4.1804504,7.9804506,10.58045,5.8804502,2.9804504,2.6804504,-2.4195495,-1.2195495,1.6804504,-3.1195495,-2.7195497,-4.3195496,-4.8195496,-9.91955,-11.41955,-12.31955,-11.61955,-10.519549,-11.219549,-10.81955,-12.519549,-12.41955,-15.219549,-16.71955,-15.81955,-13.91955,-12.11955,-12.219549,-12.91955,-13.11955,-13.81955,-12.31955,-12.81955,-11.31955,-8.11955,-12.719549,-8.31955,-10.41955,-7.7195497,-10.719549,-7.4195495,-7.2195497,-5.0195494,-2.7195497,-2.9195495,-2.5195496,-1.6195495,-3.2195497,-1.2195495,0.98045045,1.9804504
9.480451,5.6804504,16.58045,11.980451,7.6804504,7.4804506,8.280451,6.8804502,5.1804504,9.280451,8.38045,4.4804506,0.48045045,1.1804504,-1.6195495,-2.0195496,-1.8195496,-3.3195496,-5.3195496,-6.9195495,-7.8195496,-8.41955,-12.31955,-13.41955,-15.11955,-13.719549,-13.11955,-11.61955,-7.9195495,-15.41955,-15.219549,-15.219549,-13.91955,-14.019549,-12.41955,-11.41955,-12.61955,-13.31955,-11.91955,-13.41955,-13.719549,-12.91955,-12.719549,-13.019549,-14.219549,-11.61955,-12.61955,-10.91955,-10.019549,-7.5195494,-5.9195495,-5.5195494,-5.8195496,-4.4195495,-4.7195497,-2.7195497,-1.2195495,-0.9195496,1.2804505
14.280451,10.280451,9.280451,9.88045,8.780451,3.8804505,5.8804502,7.5804505,3.0804505,3.8804505,6.2804503,1.7804505,0.08045044,-2.6195495,-2.2195497,-3.5195496,-5.6195498,-6.1195498,-7.7195497,-9.019549,-9.41955,-5.6195498,-13.31955,-14.81955,-14.61955,-16.31955,-14.31955,-14.31955,-9.91955,-8.91955,-9.219549,-15.519549,-16.71955,-15.41955,-15.31955,-15.519549,-13.91955,-14.41955,-14.41955,-14.31955,-15.019549,-14.719549,-15.11955,-14.519549,-14.219549,-13.41955,-13.11955,-13.31955,-12.11955,-9.31955,-10.019549,-8.719549,-6.0195494,-6.3195496,-3.4195495,-4.3195496,-2.9195495,0.98045045,3.2804503
12.58045,14.18045,9.980451,11.480451,7.3804502,6.8804502,6.1804504,1.9804504,2.5804505,4.5804505,-0.01954956,-5.2195497,-3.1195495,-3.5195496,-7.4195495,-2.8195496,-5.9195495,-5.7195497,-6.9195495,-11.519549,-10.519549,-8.019549,-10.81955,-12.019549,-12.81955,-14.11955,-16.119549,-13.519549,-15.519549,-10.91955,-6.7195497,-10.61955,-11.81955,-18.91955,-16.119549,-15.81955,-17.01955,-18.01955,-15.81955,-17.51955,-18.71955,-16.41955,-15.519549,-15.719549,-15.219549,-14.31955,-14.81955,-14.11955,-12.519549,-13.11955,-10.019549,-8.719549,-6.9195495,-7.1195498,-5.1195498,-3.0195496,-0.51954955,1.6804504,8.280451
6.8804502,9.38045,12.08045,9.280451,5.7804503,2.7804503,3.5804505,1.8804505,-0.11954956,-1.0195496,-1.3195496,-5.8195496,-11.719549,-6.4195495,-4.1195498,-6.7195497,-6.8195496,-8.81955,-6.1195498,-6.4195495,-12.219549,-9.719549,-9.019549,-10.41955,-11.41955,-13.41955,-13.91955,-17.619549,-15.719549,-12.11955,-16.619549,-18.619549,-10.91955,-20.619549,-20.119549,-16.31955,-19.619549,-18.51955,-20.31955,-9.11955,-17.91955,-15.719549,-16.31955,-15.91955,-15.61955,-15.519549,-16.21955,-16.21955,-14.219549,-12.11955,-11.91955,-8.219549,-7.5195494,-7.1195498,-1.8195496,0.5804504,3.0804505,1.9804504,4.4804506
